11

0
0.000000
-2.765010
-0.455599
-1.760796
2.985631
179.744873
0.000000
0.000000
0.000000
0.000000
0.000000
0.000000
0.000000
0.000000
45.000000
0.000000
0.000000
-43.221741
0.000000
0.000000
0.000000
0.000000
0.000000
0.000000
0.000000
121.232597
12.819356

1
0.571112
-2.153784
-0.455599
-1.760796
2.985631
179.744873
0.000000
0.000000
0.000000
0.000000
0.000000
0.000000
0.000000
0.000000
-45.000000
0.000000
0.000000
45.000000
0.000000
0.000000
0.000000
0.000000
0.000000
0.000000
0.000000
121.232597
12.819356

2
1.026706
-1.507687
-0.455599
-1.760796
2.985631
179.744873
0.000000
0.000000
0.000000
0.000000
0.000000
0.000000
0.000000
0.000000
45.000000
0.000000
0.000000
-43.221741
0.000000
0.000000
0.000000
0.000000
0.000000
0.000000
0.000000
121.232597
12.819356

3
1.551175
-0.916841
-0.455599
-1.760796
2.985631
179.744873
0.000000
0.000000
0.000000
0.000000
0.000000
0.000000
0.000000
0.000000
-45.000000
0.000000
0.000000
45.000000
0.000000
0.000000
0.000000
0.000000
0.000000
0.000000
0.000000
121.232597
12.819356

4
1.977592
-0.505043
-0.455599
-1.760796
2.985631
179.744873
0.000000
0.000000
0.000000
0.000000
0.000000
0.000000
0.000000
0.000000
45.000000
0.000000
0.000000
-43.221741
0.000000
0.000000
0.000000
0.000000
0.000000
0.000000
0.000000
121.232597
12.819356

5
2.543879
-0.505043
-0.455599
-1.760796
2.985631
115.822037
0.000000
0.000000
0.000000
0.000000
0.000000
0.000000
0.000000
0.000000
45.000000
0.000000
0.000000
-43.221741
0.000000
0.000000
0.000000
0.000000
0.000000
0.000000
0.000000
121.232597
12.819356

6
3.068584
-0.505043
-0.455599
-1.760796
2.985631
115.822037
0.000000
0.000000
0.000000
0.000000
0.000000
0.000000
0.000000
0.000000
45.000000
0.000000
0.000000
-43.221741
0.000000
0.000000
1.000000
0.000000
0.000000
0.000000
0.000000
121.232597
12.819356

7
3.360464
-0.505043
-0.455599
-1.760796
2.985631
115.822037
0.000000
0.000000
0.000000
0.000000
0.000000
0.000000
0.000000
0.000000
45.000000
0.000000
0.000000
-43.221741
0.000000
0.000000
0.000000
0.000000
0.000000
0.000000
0.000000
121.232597
12.819356

8
4.005349
-0.505043
-0.455599
-1.760796
2.985631
115.822037
0.000000
0.000000
1.200481
0.000000
45.000000
0.000000
0.000000
-45.000000
45.000000
0.000000
0.000000
-43.221741
0.000000
0.000000
0.000000
0.000000
0.000000
0.000000
0.000000
-78.721809
12.819356

9
4.641262
-0.505043
-0.455599
-1.760796
2.985631
115.822037
0.000000
0.000000
1.200481
0.000000
45.000000
0.000000
0.000000
-45.000000
0.000000
0.000000
0.000000
-0.000000
0.000000
0.000000
0.000000
0.000000
0.000000
0.000000
0.000000
-78.721809
12.819356

10
5.124368
-0.505043
-0.796084
-1.668109
2.985631
115.822037
0.000000
0.000000
1.200481
0.000000
45.000000
0.000000
0.000000
-45.000000
0.000000
0.000000
-34.328541
-0.000000
0.000000
36.803967
0.000000
0.000000
0.000000
0.000000
0.000000
-78.721809
12.819356

11
6.605814
-0.505043
0.445647
-1.668109
2.985631
115.822037
0.000000
78.058136
1.200481
0.000000
0.000000
0.000000
0.000000
0.000000
0.000000
0.000000
0.000000
-0.000000
0.000000
0.000000
0.000000
0.000000
0.000000
0.000000
0.000000
-78.721809
12.819356

